274 2124 
1 2 
1 3 
1 4 
1 5 
1 6 
1 7 
1 8 
1 9 
1 10 
1 11 
1 12 
1 13 
1 14 
1 15 
1 16 
1 17 
1 18 
1 19 
1 20 
1 21 
1 22 
1 23 
1 24 
1 25 
1 26 
1 27 
1 28 
1 29 
1 30 
1 31 
1 32 
1 33 
1 34 
1 35 
1 36 
1 37 
1 38 
1 39 
1 40 
1 41 
1 42 
1 43 
1 44 
1 45 
1 46 
1 47 
1 48 
1 49 
1 50 
1 51 
1 52 
1 53 
1 54 
1 55 
1 56 
1 57 
1 58 
1 59 
1 60 
1 61 
1 62 
1 63 
1 64 
1 65 
1 66 
1 67 
1 68 
1 69 
1 70 
1 71 
1 72 
1 73 
1 74 
1 75 
1 76 
1 77 
2 3 
2 4 
2 5 
2 6 
2 7 
2 8 
2 9 
2 10 
2 11 
2 12 
2 13 
2 14 
2 15 
2 16 
2 17 
2 18 
2 19 
2 20 
2 21 
2 22 
2 23 
2 24 
2 25 
2 26 
2 27 
2 30 
2 31 
2 32 
2 33 
2 34 
2 35 
2 36 
2 37 
2 38 
2 39 
2 40 
2 41 
2 42 
2 43 
2 44 
2 45 
2 46 
2 47 
2 48 
2 49 
2 50 
2 53 
2 54 
2 55 
2 56 
2 59 
2 60 
2 61 
2 62 
2 65 
2 74 
2 75 
2 76 
2 77 
2 81 
2 84 
2 89 
2 91 
2 100 
2 102 
2 114 
2 124 
2 133 
2 207 
2 209 
2 264 
3 4 
3 5 
3 6 
3 7 
3 8 
3 9 
3 10 
3 11 
3 12 
3 13 
3 14 
3 15 
3 16 
3 17 
3 18 
3 19 
3 20 
3 21 
3 22 
3 23 
3 24 
3 25 
3 26 
3 27 
3 30 
3 31 
3 32 
3 33 
3 34 
3 35 
3 36 
3 37 
3 38 
3 39 
3 40 
3 41 
3 42 
3 43 
3 44 
3 45 
3 46 
3 47 
3 48 
3 50 
3 53 
3 54 
3 55 
3 56 
3 59 
3 60 
3 61 
3 62 
3 65 
3 66 
3 76 
3 89 
3 96 
3 109 
3 124 
3 125 
3 128 
3 149 
3 174 
3 175 
3 188 
3 229 
3 235 
3 239 
3 240 
4 5 
4 6 
4 7 
4 8 
4 9 
4 10 
4 11 
4 12 
4 13 
4 14 
4 15 
4 16 
4 17 
4 18 
4 19 
4 20 
4 21 
4 22 
4 23 
4 24 
4 25 
4 26 
4 27 
4 31 
4 32 
4 33 
4 34 
4 35 
4 36 
4 37 
4 38 
4 39 
4 40 
4 41 
4 42 
4 43 
4 45 
4 46 
4 47 
4 48 
4 50 
4 51 
4 52 
4 53 
4 54 
4 55 
4 56 
4 58 
4 60 
4 61 
4 62 
4 63 
4 65 
4 66 
4 74 
4 75 
4 77 
4 81 
4 85 
4 88 
4 100 
4 102 
4 116 
4 117 
4 125 
4 170 
4 177 
4 204 
4 238 
4 241 
5 6 
5 7 
5 8 
5 9 
5 10 
5 11 
5 12 
5 13 
5 14 
5 15 
5 16 
5 17 
5 18 
5 19 
5 20 
5 21 
5 22 
5 23 
5 24 
5 25 
5 26 
5 27 
5 30 
5 31 
5 32 
5 33 
5 35 
5 36 
5 37 
5 38 
5 39 
5 40 
5 41 
5 42 
5 43 
5 45 
5 46 
5 47 
5 48 
5 49 
5 51 
5 52 
5 53 
5 54 
5 55 
5 56 
5 57 
5 58 
5 59 
5 60 
5 61 
5 63 
5 65 
5 77 
5 80 
5 88 
5 91 
5 100 
5 102 
5 114 
5 123 
5 124 
5 211 
5 253 
5 254 
5 255 
6 7 
6 8 
6 9 
6 10 
6 11 
6 12 
6 13 
6 14 
6 15 
6 16 
6 17 
6 18 
6 19 
6 20 
6 21 
6 22 
6 23 
6 24 
6 25 
6 26 
6 27 
6 30 
6 31 
6 32 
6 33 
6 34 
6 35 
6 36 
6 37 
6 38 
6 39 
6 40 
6 41 
6 42 
6 43 
6 44 
6 45 
6 46 
6 47 
6 48 
6 49 
6 50 
6 52 
6 54 
6 55 
6 56 
6 59 
6 60 
6 61 
6 62 
6 65 
6 66 
6 76 
6 77 
6 80 
6 81 
6 84 
6 119 
6 133 
6 165 
6 236 
6 237 
7 8 
7 9 
7 10 
7 11 
7 12 
7 13 
7 14 
7 15 
7 16 
7 17 
7 18 
7 19 
7 20 
7 21 
7 22 
7 23 
7 24 
7 25 
7 26 
7 27 
7 30 
7 31 
7 32 
7 33 
7 35 
7 36 
7 37 
7 38 
7 39 
7 40 
7 41 
7 42 
7 43 
7 44 
7 45 
7 46 
7 47 
7 48 
7 49 
7 51 
7 52 
7 53 
7 54 
7 55 
7 56 
7 59 
7 60 
7 61 
7 65 
7 76 
7 88 
7 90 
7 100 
7 112 
7 118 
7 162 
7 210 
7 214 
7 215 
7 216 
7 243 
7 256 
8 9 
8 10 
8 11 
8 12 
8 13 
8 14 
8 15 
8 16 
8 17 
8 18 
8 19 
8 20 
8 21 
8 22 
8 23 
8 24 
8 25 
8 26 
8 27 
8 29 
8 30 
8 31 
8 32 
8 35 
8 37 
8 38 
8 39 
8 40 
8 41 
8 42 
8 43 
8 45 
8 47 
8 48 
8 50 
8 55 
8 56 
8 60 
8 61 
8 62 
8 65 
8 99 
8 114 
8 125 
8 130 
8 133 
8 204 
8 211 
8 252 
8 265 
8 266 
8 267 
8 268 
8 269 
8 270 
8 271 
8 272 
8 273 
8 274 
9 10 
9 11 
9 12 
9 13 
9 14 
9 15 
9 16 
9 17 
9 18 
9 19 
9 20 
9 21 
9 22 
9 23 
9 24 
9 25 
9 26 
9 27 
9 28 
9 30 
9 31 
9 32 
9 33 
9 34 
9 35 
9 36 
9 37 
9 38 
9 39 
9 40 
9 41 
9 42 
9 43 
9 45 
9 46 
9 47 
9 48 
9 50 
9 51 
9 52 
9 53 
9 54 
9 55 
9 56 
9 59 
9 60 
9 61 
9 65 
9 66 
9 75 
9 76 
9 77 
9 99 
9 102 
9 117 
9 123 
9 124 
9 133 
9 168 
9 169 
9 204 
10 11 
10 12 
10 13 
10 14 
10 15 
10 16 
10 17 
10 18 
10 19 
10 20 
10 21 
10 22 
10 23 
10 24 
10 25 
10 26 
10 27 
10 30 
10 31 
10 32 
10 33 
10 34 
10 35 
10 36 
10 37 
10 38 
10 39 
10 40 
10 41 
10 42 
10 43 
10 44 
10 45 
10 47 
10 48 
10 50 
10 52 
10 53 
10 55 
10 56 
10 59 
10 60 
10 61 
10 62 
10 65 
10 66 
10 74 
10 76 
10 84 
10 89 
10 91 
10 102 
10 115 
10 133 
10 204 
10 212 
10 213 
11 12 
11 13 
11 14 
11 15 
11 16 
11 17 
11 18 
11 19 
11 20 
11 21 
11 22 
11 23 
11 24 
11 25 
11 26 
11 27 
11 30 
11 31 
11 32 
11 33 
11 34 
11 35 
11 36 
11 37 
11 38 
11 39 
11 40 
11 41 
11 42 
11 43 
11 44 
11 45 
11 46 
11 47 
11 48 
11 49 
11 50 
11 52 
11 53 
11 54 
11 55 
11 56 
11 59 
11 60 
11 61 
11 62 
11 65 
11 75 
11 76 
11 77 
11 80 
11 84 
11 87 
11 88 
11 89 
11 90 
11 102 
11 114 
11 122 
11 124 
11 125 
11 133 
11 211 
12 13 
12 14 
12 15 
12 16 
12 17 
12 18 
12 19 
12 20 
12 21 
12 22 
12 23 
12 24 
12 25 
12 26 
12 27 
12 30 
12 31 
12 32 
12 33 
12 34 
12 35 
12 36 
12 37 
12 38 
12 39 
12 40 
12 41 
12 42 
12 43 
12 45 
12 46 
12 47 
12 48 
12 49 
12 50 
12 51 
12 52 
12 53 
12 54 
12 55 
12 56 
12 57 
12 58 
12 59 
12 60 
12 61 
12 65 
12 76 
12 77 
12 80 
12 81 
12 90 
12 101 
12 102 
12 112 
12 113 
12 114 
12 115 
12 116 
12 117 
12 118 
12 119 
13 14 
13 15 
13 16 
13 17 
13 18 
13 19 
13 20 
13 21 
13 22 
13 23 
13 24 
13 25 
13 26 
13 27 
13 30 
13 31 
13 32 
13 33 
13 35 
13 36 
13 37 
13 38 
13 39 
13 40 
13 41 
13 42 
13 43 
13 44 
13 45 
13 47 
13 48 
13 50 
13 52 
13 53 
13 54 
13 55 
13 56 
13 59 
13 60 
13 61 
13 62 
13 65 
13 76 
13 77 
13 84 
13 112 
13 114 
13 125 
13 133 
13 137 
13 168 
13 169 
13 170 
13 171 
13 172 
13 173 
13 174 
13 175 
13 176 
13 177 
14 15 
14 16 
14 17 
14 18 
14 19 
14 20 
14 21 
14 22 
14 23 
14 24 
14 25 
14 26 
14 27 
14 30 
14 31 
14 32 
14 33 
14 34 
14 35 
14 36 
14 37 
14 38 
14 39 
14 40 
14 41 
14 42 
14 43 
14 44 
14 45 
14 46 
14 47 
14 48 
14 49 
14 50 
14 51 
14 54 
14 55 
14 56 
14 59 
14 60 
14 61 
14 62 
14 65 
14 66 
14 75 
14 76 
14 80 
14 84 
14 90 
14 99 
14 106 
14 109 
14 112 
14 114 
14 117 
14 118 
14 124 
14 162 
14 163 
14 172 
14 174 
14 175 
14 177 
14 183 
14 185 
14 186 
14 199 
14 205 
14 214 
14 215 
14 216 
14 217 
14 218 
14 219 
14 220 
14 221 
14 222 
14 223 
14 224 
14 225 
14 226 
14 227 
14 228 
14 229 
14 230 
14 231 
14 232 
15 16 
15 17 
15 18 
15 19 
15 20 
15 21 
15 22 
15 23 
15 24 
15 25 
15 26 
15 27 
15 30 
15 31 
15 32 
15 33 
15 34 
15 35 
15 36 
15 37 
15 38 
15 39 
15 40 
15 42 
15 43 
15 45 
15 47 
15 48 
15 49 
15 50 
15 52 
15 53 
15 54 
15 55 
15 56 
15 60 
15 61 
15 62 
15 63 
15 65 
15 66 
15 76 
15 80 
15 87 
15 88 
15 90 
15 103 
15 109 
15 114 
15 118 
15 135 
15 136 
15 138 
15 174 
15 175 
15 177 
15 182 
15 183 
15 187 
15 198 
15 199 
15 203 
15 218 
15 220 
15 233 
15 234 
16 17 
16 18 
16 19 
16 20 
16 21 
16 22 
16 23 
16 24 
16 25 
16 26 
16 27 
16 30 
16 31 
16 32 
16 33 
16 34 
16 35 
16 36 
16 37 
16 38 
16 39 
16 40 
16 41 
16 42 
16 43 
16 44 
16 45 
16 46 
16 47 
16 48 
16 50 
16 51 
16 52 
16 53 
16 55 
16 56 
16 57 
16 59 
16 60 
16 61 
16 62 
16 65 
16 66 
16 74 
16 75 
16 76 
16 77 
16 84 
16 88 
16 91 
16 123 
16 124 
16 160 
16 171 
16 173 
16 178 
16 179 
16 180 
16 181 
16 182 
16 183 
16 184 
16 185 
16 186 
16 187 
16 188 
16 189 
16 190 
16 191 
16 192 
17 18 
17 19 
17 20 
17 21 
17 22 
17 23 
17 24 
17 25 
17 26 
17 27 
17 31 
17 32 
17 35 
17 39 
17 40 
17 42 
17 43 
17 45 
17 47 
17 48 
17 55 
17 56 
17 61 
17 76 
17 77 
18 19 
18 20 
18 21 
18 22 
18 23 
18 24 
18 25 
18 26 
18 27 
18 30 
18 31 
18 32 
18 33 
18 34 
18 35 
18 36 
18 37 
18 38 
18 39 
18 40 
18 41 
18 42 
18 43 
18 45 
18 46 
18 47 
18 48 
18 50 
18 53 
18 55 
18 56 
18 58 
18 59 
18 60 
18 61 
18 65 
18 66 
18 74 
18 76 
18 77 
18 81 
18 87 
18 88 
18 89 
18 90 
18 91 
18 92 
18 93 
18 94 
18 95 
18 96 
18 97 
18 98 
18 99 
19 20 
19 21 
19 22 
19 23 
19 24 
19 25 
19 26 
19 27 
19 30 
19 31 
19 32 
19 33 
19 34 
19 35 
19 36 
19 37 
19 38 
19 39 
19 40 
19 41 
19 42 
19 43 
19 44 
19 45 
19 47 
19 48 
19 49 
19 50 
19 51 
19 52 
19 54 
19 55 
19 56 
19 58 
19 59 
19 60 
19 61 
19 65 
19 66 
19 74 
19 75 
19 76 
19 77 
19 80 
19 87 
19 88 
19 89 
19 99 
19 109 
19 118 
19 136 
19 174 
19 175 
19 183 
19 198 
19 199 
19 205 
19 218 
19 220 
19 221 
19 229 
19 235 
20 21 
20 22 
20 23 
20 24 
20 25 
20 26 
20 27 
20 30 
20 31 
20 32 
20 33 
20 35 
20 36 
20 37 
20 38 
20 39 
20 40 
20 41 
20 42 
20 43 
20 44 
20 45 
20 46 
20 47 
20 48 
20 49 
20 50 
20 51 
20 52 
20 53 
20 55 
20 56 
20 57 
20 59 
20 60 
20 61 
20 63 
20 65 
20 73 
20 74 
20 76 
20 77 
20 88 
20 89 
20 111 
20 117 
20 125 
20 132 
20 133 
20 204 
21 22 
21 23 
21 24 
21 25 
21 26 
21 27 
21 30 
21 31 
21 32 
21 33 
21 34 
21 35 
21 36 
21 37 
21 38 
21 39 
21 40 
21 41 
21 42 
21 43 
21 44 
21 45 
21 46 
21 47 
21 48 
21 50 
21 51 
21 52 
21 53 
21 54 
21 55 
21 56 
21 58 
21 59 
21 60 
21 61 
21 62 
21 65 
21 66 
21 74 
21 76 
21 77 
21 80 
21 81 
21 88 
21 91 
21 99 
21 101 
21 102 
21 112 
21 115 
21 117 
21 118 
21 127 
21 133 
21 162 
21 211 
21 214 
21 215 
21 243 
21 257 
22 23 
22 24 
22 25 
22 26 
22 27 
22 30 
22 31 
22 32 
22 33 
22 35 
22 36 
22 37 
22 38 
22 39 
22 40 
22 41 
22 42 
22 43 
22 45 
22 46 
22 47 
22 48 
22 50 
22 53 
22 54 
22 55 
22 56 
22 60 
22 61 
22 62 
22 65 
22 66 
22 74 
22 75 
22 76 
22 84 
22 91 
22 94 
22 99 
22 100 
22 101 
22 102 
22 103 
22 104 
22 105 
22 106 
22 107 
22 108 
22 109 
22 110 
22 111 
23 24 
23 25 
23 26 
23 27 
23 30 
23 31 
23 32 
23 33 
23 35 
23 36 
23 37 
23 38 
23 39 
23 40 
23 41 
23 42 
23 43 
23 44 
23 45 
23 46 
23 47 
23 48 
23 49 
23 50 
23 51 
23 52 
23 53 
23 55 
23 56 
23 57 
23 59 
23 60 
23 61 
23 62 
23 63 
23 65 
23 66 
23 69 
23 71 
23 73 
23 74 
23 76 
23 93 
23 94 
23 95 
23 98 
23 104 
23 108 
23 109 
23 117 
23 123 
23 132 
23 142 
23 143 
23 144 
23 145 
23 146 
23 147 
23 148 
23 149 
23 180 
23 181 
23 202 
23 204 
23 234 
23 236 
23 255 
23 259 
23 260 
23 261 
23 262 
23 263 
24 25 
24 26 
24 27 
24 30 
24 31 
24 32 
24 33 
24 34 
24 35 
24 36 
24 37 
24 38 
24 39 
24 40 
24 41 
24 42 
24 43 
24 45 
24 47 
24 48 
24 49 
24 50 
24 52 
24 53 
24 54 
24 55 
24 56 
24 57 
24 58 
24 60 
24 61 
24 62 
24 65 
24 75 
24 76 
24 87 
24 90 
24 91 
24 102 
24 106 
24 117 
24 127 
24 160 
24 161 
24 162 
24 163 
24 164 
24 165 
24 166 
24 167 
25 26 
25 27 
25 29 
25 30 
25 31 
25 32 
25 34 
25 35 
25 36 
25 37 
25 38 
25 39 
25 40 
25 41 
25 42 
25 43 
25 45 
25 47 
25 48 
25 49 
25 50 
25 52 
25 53 
25 54 
25 55 
25 56 
25 58 
25 60 
25 61 
25 62 
25 63 
25 65 
25 73 
25 74 
25 75 
25 76 
25 87 
25 90 
25 114 
25 117 
25 123 
25 131 
25 132 
26 27 
26 30 
26 31 
26 32 
26 35 
26 37 
26 38 
26 39 
26 40 
26 41 
26 42 
26 43 
26 44 
26 45 
26 46 
26 47 
26 48 
26 50 
26 53 
26 54 
26 55 
26 56 
26 59 
26 60 
26 61 
26 62 
26 65 
26 75 
26 76 
26 77 
26 89 
26 91 
26 123 
26 198 
26 201 
27 29 
27 30 
27 31 
27 32 
27 33 
27 34 
27 35 
27 36 
27 37 
27 38 
27 39 
27 40 
27 41 
27 42 
27 43 
27 44 
27 45 
27 47 
27 48 
27 50 
27 52 
27 53 
27 55 
27 56 
27 60 
27 61 
27 62 
27 65 
27 66 
27 68 
27 76 
27 77 
27 97 
27 107 
27 109 
27 114 
27 115 
27 117 
27 133 
27 134 
27 135 
27 136 
27 137 
27 138 
27 139 
27 140 
27 141 
27 142 
27 143 
27 144 
27 145 
27 146 
27 147 
27 148 
27 149 
27 150 
27 151 
27 152 
27 153 
27 154 
27 155 
27 156 
27 157 
27 158 
27 159 
28 42 
30 31 
30 32 
30 35 
30 39 
30 42 
30 43 
30 45 
30 47 
30 55 
30 61 
30 76 
31 32 
31 33 
31 34 
31 35 
31 36 
31 37 
31 38 
31 39 
31 40 
31 41 
31 42 
31 43 
31 44 
31 45 
31 47 
31 48 
31 49 
31 50 
31 51 
31 52 
31 54 
31 55 
31 56 
31 59 
31 60 
31 61 
31 62 
31 65 
31 74 
31 84 
31 87 
31 99 
31 100 
31 102 
31 117 
31 125 
31 130 
31 132 
31 165 
31 166 
31 206 
32 33 
32 34 
32 35 
32 36 
32 37 
32 38 
32 39 
32 40 
32 41 
32 42 
32 43 
32 44 
32 45 
32 47 
32 48 
32 49 
32 50 
32 52 
32 53 
32 54 
32 55 
32 56 
32 57 
32 60 
32 61 
32 62 
32 65 
32 66 
32 72 
32 73 
32 76 
32 87 
32 111 
32 120 
32 121 
32 122 
32 123 
32 124 
32 125 
32 126 
32 127 
32 128 
32 129 
32 130 
33 35 
33 39 
33 40 
33 42 
33 43 
33 45 
33 47 
33 48 
33 55 
33 56 
33 76 
34 39 
34 43 
34 45 
34 47 
34 48 
34 55 
35 36 
35 37 
35 38 
35 39 
35 40 
35 41 
35 42 
35 43 
35 44 
35 45 
35 47 
35 48 
35 49 
35 50 
35 51 
35 52 
35 53 
35 54 
35 55 
35 56 
35 58 
35 59 
35 60 
35 61 
35 62 
35 65 
35 66 
35 73 
35 74 
35 75 
35 76 
35 77 
35 84 
35 89 
35 90 
35 102 
35 112 
35 114 
35 122 
35 132 
35 202 
35 208 
35 238 
36 39 
36 40 
36 42 
36 43 
36 45 
36 47 
36 48 
36 55 
36 56 
37 39 
37 40 
37 42 
37 43 
37 45 
37 47 
37 48 
37 55 
37 56 
37 61 
37 77 
38 39 
38 40 
38 42 
38 43 
38 45 
38 47 
38 48 
38 55 
38 56 
38 61 
39 40 
39 41 
39 42 
39 43 
39 44 
39 45 
39 46 
39 47 
39 48 
39 53 
39 54 
39 55 
39 56 
39 58 
39 59 
39 60 
39 61 
39 62 
39 65 
39 76 
39 77 
39 81 
39 84 
39 92 
39 114 
39 118 
39 125 
39 134 
39 135 
39 166 
39 174 
39 183 
39 196 
39 197 
39 198 
39 199 
39 200 
39 201 
39 202 
40 41 
40 42 
40 43 
40 45 
40 46 
40 47 
40 48 
40 49 
40 50 
40 53 
40 55 
40 56 
40 60 
40 61 
40 74 
40 89 
40 112 
40 132 
40 133 
41 42 
41 43 
41 45 
41 47 
41 48 
41 55 
41 56 
41 61 
41 77 
42 43 
42 44 
42 45 
42 47 
42 48 
42 49 
42 50 
42 52 
42 54 
42 55 
42 56 
42 60 
42 61 
42 63 
42 65 
42 78 
42 79 
42 80 
42 81 
42 82 
42 83 
42 84 
42 85 
42 86 
43 45 
43 47 
43 48 
43 49 
43 50 
43 51 
43 52 
43 53 
43 55 
43 56 
43 57 
43 58 
43 59 
43 60 
43 61 
43 62 
43 63 
43 65 
43 74 
43 76 
43 84 
43 88 
43 90 
43 99 
43 100 
43 115 
43 123 
43 165 
43 209 
43 213 
44 45 
44 48 
44 55 
44 61 
45 47 
45 48 
45 49 
45 50 
45 51 
45 52 
45 53 
45 54 
45 55 
45 56 
45 58 
45 59 
45 60 
45 61 
45 62 
45 65 
45 66 
45 75 
45 76 
45 77 
45 85 
45 89 
45 92 
45 102 
45 114 
45 123 
45 132 
45 133 
45 202 
45 205 
45 207 
45 208 
46 47 
46 48 
46 55 
46 56 
46 61 
47 48 
47 50 
47 53 
47 54 
47 55 
47 56 
47 57 
47 60 
47 61 
47 62 
47 63 
47 65 
47 75 
47 84 
47 87 
47 88 
47 92 
47 100 
47 102 
47 111 
47 202 
47 203 
47 204 
47 205 
48 49 
48 50 
48 52 
48 54 
48 55 
48 56 
48 57 
48 58 
48 59 
48 60 
48 61 
48 62 
48 65 
48 66 
48 74 
48 76 
48 82 
48 84 
48 91 
48 99 
48 100 
48 126 
48 127 
49 56 
50 55 
50 61 
50 76 
51 55 
52 55 
52 61 
53 55 
53 56 
53 61 
54 55 
55 56 
55 57 
55 58 
55 59 
55 60 
55 61 
55 62 
55 63 
55 65 
55 66 
55 74 
55 75 
55 76 
55 77 
55 84 
55 85 
55 89 
55 92 
55 99 
55 100 
55 107 
55 110 
55 114 
55 123 
55 125 
55 133 
55 178 
55 179 
55 180 
55 181 
55 186 
55 187 
55 192 
55 204 
55 205 
55 212 
55 217 
55 230 
55 232 
55 242 
55 243 
55 244 
55 245 
55 246 
55 247 
55 248 
55 249 
55 250 
55 251 
55 252 
56 60 
56 61 
56 90 
56 112 
56 116 
56 123 
56 125 
56 132 
56 133 
56 258 
58 77 
59 77 
60 61 
60 76 
61 62 
61 65 
61 75 
61 76 
61 77 
61 84 
61 89 
61 99 
61 125 
61 126 
61 131 
61 181 
61 209 
61 210 
62 76 
76 90 
76 127 
76 161 
76 162 
76 193 
76 194 
76 195 
77 100 
77 237